758050000.0 5.12e-07 40.076833462580694
1191200000.0 1.024e-06 21.9751131658036
1917675000.0 1.024e-06 28.023276422973527
3241028571.428571 3.584e-06 4.571890216245018
5042820000.0 5.12e-06 36.42658047642304
8210432352.941176 8.704e-06 27.564827296989478
13057191666.666666 2.1504e-05 38.38443231069171
21090671428.57143 3.2256e-05 39.35982860278207
32784110810.81081 3.7888e-05 28.596035255596284
50918596460.176994 5.7856e-05 26.144366870908076
81852825543.47826 9.4208e-05 24.70775323287653
128442680555.55556 0.000129024 15.455193244746686
201535869845.36084 0.000198656 12.152770785411647
339786393462.4697 0.000422912 8.455976437937673
506955367540.0291 0.001406976 5.975221845147337
729686447793.3262 0.000475648 4.072173688237306
1094440000000.0 1.28e-05 3.2592191543427216
1907400000000.0 5.12e-07 2.102432145834093
