90242500.0 5.12e-07 19.04700937686184
370000000.0 1.024e-06 17.101933735886913
469270000.0 5.12e-07 16.782668916819322
758045000.0 1.024e-06 16.145596430062927
1276962500.0 4.096e-06 15.464022783638184
2072588888.8888888 9.216e-06 14.843054054962002
3470119444.4444447 1.8432e-05 14.19487979061628
5202785254.237288 3.0208e-05 13.694536461094891
8128378279.569893 4.7616e-05 13.152243834876858
13036657236.842106 7.7824e-05 12.589186495140229
20350271739.130436 0.000105984 12.068995116611836
31914291744.548286 0.000164352 11.553529238826295
51167847750.0 0.0002048 11.023509862066932
80457884083.60129 0.000318464 10.52594701160047
133749497282.60869 0.000565248 9.980762116171935
202491079358.77054 0.001932288 9.546517992355271
282105667686.03467 0.000502272 9.206263636571899
403750000000.0 5.12e-07 8.845415704593336
