72195000.0 5.12e-07 19.362089160813373
327885000.0 3.072e-06 17.265162252382126
512584000.0 2.56e-06 16.664673694429478
727971666.6666666 1.536e-06 16.19900718081318
1316578333.3333333 3.072e-06 15.424506233737727
2042847777.7777777 4.608e-06 14.861418491502
3137907857.142857 1.4336e-05 14.320423815269788
5128127027.027027 1.8944e-05 13.71225897279139
8047620277.777778 3.6864e-05 13.164273179779546
12818013181.818182 5.632e-05 12.609143748326312
20529880917.874397 0.000105984 12.058831935355052
31927513333.333332 0.0001536 11.55305937020073
51497690047.96163 0.000213504 11.016370917246828
80388395841.99585 0.000246272 10.526886067341897
129199558355.43767 0.000386048 10.017434141002253
212114111566.01843 0.001500672 9.498502706418266
296921833745.8746 0.001241088 9.154292904227498
421251410256.4103 3.9936e-05 8.80319387010093
