433170000.0 1.024e-06 70.71844707891246
776100000.0 5.12e-07 76.6420518402112
1534150000.0 5.12e-07 44.28925415850615
1949257500.0 2.048e-06 19.266668051063494
3221700000.0 1.024e-06 41.09348969163451
4923693333.333333 7.68e-06 53.987582796271404
8347889411.764706 8.704e-06 50.276022742154204
12706984285.714285 1.792e-05 48.16319414745543
20323862686.567165 3.4304e-05 32.823831108521006
32524610476.190475 5.376e-05 46.389645379129206
50684884615.38461 7.3216e-05 26.51295415379805
80591042473.11829 9.5232e-05 18.83163266021723
128542986486.48648 0.000151552 14.438343655269144
206790585106.38297 0.000192512 10.42441980765258
338606000000.0 0.00092928 7.446925682687969
468256314398.9432 0.000775168 4.609799003660268
659497560975.6097 2.0992e-05 2.5976858733334085
